CP/1329/3695/0012.png 1 8 254 503 469
CP/1329/3695/0014.png 1 8 250 504 469
CP/1329/3695/0015.png 1 8 248 504 469
CP/1329/3695/0016.png 1 8 244 505 470
CP/1329/3695/0017.png 1 8 238 505 471
CP/1329/3695/0018.png 1 8 236 505 471
CP/1329/3695/0019.png 1 9 234 505 472
CP/1329/3695/0020.png 1 9 223 505 472
CP/1329/3695/0021.png 1 9 231 505 474
CP/1329/3695/0022.png 1 9 223 506 475
CP/1329/3695/0023.png 1 9 228 506 476
CP/1329/3695/0024.png 1 9 226 506 478
CP/1329/3695/0025.png 1 9 226 506 479
CP/1329/3695/0026.png 1 59 226 506 481
CP/1329/3695/0027.png 1 59 224 506 483
CP/1329/3695/0028.png 1 58 223 506 484
CP/1329/3695/0029.png 1 58 221 506 484
CP/1329/3695/0030.png 1 58 219 506 485
CP/1329/3695/0031.png 1 58 217 506 486
CP/1329/3695/0032.png 1 58 216 506 487
CP/1329/3695/0033.png 1 58 214 506 488
CP/1329/3695/0034.png 1 58 213 506 488
CP/1329/3695/0035.png 1 58 212 506 489
CP/1329/3695/0036.png 1 59 210 506 489
CP/1329/3695/0037.png 1 59 208 506 488
CP/1329/3695/0038.png 1 59 208 505 488
CP/1329/3695/0039.png 1 59 206 505 487
CP/1329/3695/0040.png 1 60 205 505 487
CP/1329/3695/0041.png 1 60 205 505 486
CP/1329/3695/0042.png 1 60 204 505 486
CP/1329/3695/0043.png 1 60 203 505 486
CP/1329/3695/0044.png 1 59 202 505 486
CP/1329/3695/0045.png 1 59 201 504 486
CP/1329/3695/0046.png 1 59 200 463 487
CP/1329/3695/0047.png 1 58 199 463 486
CP/1329/3695/0048.png 1 58 199 463 486
CP/1329/3695/0049.png 1 57 198 463 485
CP/1329/3695/0050.png 1 56 198 463 484
CP/1329/3695/0051.png 1 56 197 462 484
CP/1329/3695/0052.png 1 55 197 462 485
CP/1329/3695/0053.png 1 54 196 461 485
CP/1329/3695/0054.png 1 53 195 460 485
CP/1329/3695/0055.png 1 53 196 460 485
CP/1329/3695/0056.png 1 52 197 460 486
CP/1329/3695/0057.png 1 51 196 460 487
CP/1329/3695/0058.png 1 50 196 459 488
CP/1329/3695/0059.png 1 49 195 459 488
CP/1329/3695/0060.png 1 48 195 459 488
CP/1329/3695/0061.png 1 47 194 460 489
CP/1329/3695/0062.png 1 47 193 461 489
CP/1329/3695/0063.png 1 46 193 461 489
CP/1329/3695/0064.png 1 45 192 461 489
CP/1329/3695/0065.png 1 44 191 460 489
CP/1329/3695/0066.png 1 44 190 460 489
CP/1329/3695/0067.png 1 43 189 460 488
CP/1329/3695/0068.png 1 43 189 460 487
CP/1329/3695/0069.png 1 42 188 459 486
CP/1329/3695/0070.png 1 41 187 459 485
CP/1329/3695/0071.png 1 40 186 459 486
CP/1329/3695/0072.png 1 39 185 459 486
CP/1329/3695/0073.png 1 39 184 460 486
CP/1329/3695/0074.png 1 38 183 459 485
CP/1329/3695/0075.png 1 37 183 459 485
CP/1329/3695/0076.png 1 37 182 461 485
CP/1329/3695/0085.png 1 30 181 465 486
CP/1329/3695/0086.png 1 29 182 465 486
CP/1329/3695/0087.png 1 28 182 466 486
CP/1329/3695/0088.png 1 28 182 466 487
CP/1329/3696/0006.png 1 8 254 503 469
CP/1329/3696/0008.png 1 8 244 505 470
CP/1329/3696/0009.png 1 8 225 505 472
CP/1329/3696/0010.png 1 9 221 505 473
CP/1329/3696/0011.png 1 9 221 505 475
CP/1329/3696/0012.png 1 9 225 506 478
CP/1329/3696/0013.png 1 10 225 506 482
CP/1329/3696/0014.png 1 58 222 506 484
CP/1329/3696/0015.png 1 57 219 506 485
CP/1329/3696/0016.png 1 58 216 506 488
CP/1329/3696/0017.png 1 58 213 506 488
CP/1329/3696/0018.png 1 58 210 506 489
CP/1329/3696/0019.png 1 59 207 505 488
CP/1329/3696/0020.png 1 59 205 505 487
CP/1329/3696/0021.png 1 60 203 505 487
CP/1329/3696/0022.png 1 59 202 505 487
CP/1329/3696/0023.png 1 59 200 504 487
CP/1329/3696/0024.png 1 58 198 463 486
CP/1329/3696/0025.png 1 56 197 463 485
CP/1329/3696/0026.png 1 55 197 462 485
CP/1329/3696/0027.png 1 53 196 461 486
CP/1329/3696/0028.png 1 52 196 460 487
CP/1329/3696/0029.png 1 50 196 460 489
CP/1329/3696/0030.png 1 48 195 459 489
CP/1329/3696/0031.png 1 46 193 461 489
CP/1329/3696/0032.png 1 45 192 461 490
CP/1329/3696/0033.png 1 44 190 461 489
CP/1329/3696/0034.png 1 43 189 460 487
CP/1329/3696/0035.png 1 41 187 460 486
CP/1329/3696/0036.png 1 39 185 460 486
CP/1329/3696/0037.png 1 38 184 460 486
CP/1329/3697/0008.png 1 8 244 505 470
CP/1329/3697/0009.png 1 8 235 505 471
CP/1329/3697/0010.png 1 9 223 505 472
CP/1329/3697/0011.png 1 9 222 506 475
CP/1329/3697/0012.png 1 9 227 506 478
CP/1329/3697/0013.png 1 59 226 506 482
CP/1329/3697/0014.png 1 58 222 506 484
CP/1329/3697/0015.png 1 58 219 506 485
CP/1329/3697/0016.png 1 58 216 506 487
CP/1329/3697/0017.png 1 58 213 506 488
CP/1329/3697/0018.png 1 59 210 506 488
CP/1329/3697/0019.png 1 59 207 505 488
CP/1329/3697/0020.png 1 59 205 505 486
CP/1329/3697/0021.png 1 60 204 505 486
CP/1329/3697/0022.png 1 59 202 505 486
CP/1329/3697/0023.png 1 59 200 463 486
CP/1329/3697/0024.png 1 58 199 463 486
CP/1329/3697/0025.png 1 56 198 463 485
CP/1329/3697/0026.png 1 55 197 462 485
CP/1329/3697/0027.png 1 53 196 460 485
CP/1329/3697/0028.png 1 52 197 460 486
CP/1329/3697/0029.png 1 50 196 459 488
CP/1329/3697/0030.png 1 48 195 459 488
CP/1329/3697/0031.png 1 47 193 461 489
CP/1329/3697/0032.png 1 45 192 461 489
CP/1329/3697/0033.png 1 44 190 460 489
CP/1329/3697/0034.png 1 43 189 460 487
CP/1329/3697/0035.png 1 41 187 459 485
CP/1329/3697/0036.png 1 39 185 459 486
CP/1329/3697/0037.png 1 38 183 459 485
CP/1329/3697/0043.png 1 29 182 465 486
CP/1329/3697/0044.png 1 28 182 466 487
CP/1346/3733/0020.png 1 0 114 512 490
CP/1346/3733/0021.png 1 0 112 512 490
CP/1346/3733/0026.png 1 0 106 512 492
CP/1346/3733/0027.png 1 0 105 512 492
CP/1346/3733/0028.png 1 0 104 512 492
CP/1346/3733/0029.png 1 0 104 512 493
CP/1346/3733/0030.png 1 0 105 512 493
CP/1346/3733/0031.png 1 0 105 512 493
CP/1346/3733/0032.png 1 0 105 512 493
CP/1346/3733/0033.png 1 0 105 512 493
CP/1346/3733/0034.png 1 0 103 512 493
CP/1346/3733/0035.png 1 0 102 512 493
CP/1346/3733/0036.png 1 0 100 512 493
CP/1346/3733/0037.png 1 0 98 512 493
CP/1346/3733/0038.png 1 0 96 512 493
CP/1346/3733/0039.png 1 0 95 512 493
CP/1346/3733/0041.png 1 0 92 512 492
CP/1346/3734/0021.png 1 0 112 512 490
CP/1346/3734/0031.png 1 0 105 512 492
CP/1346/3734/0032.png 1 0 105 512 492
CP/1346/3734/0033.png 1 0 105 512 493
CP/1346/3734/0034.png 1 0 103 512 493
CP/1346/3734/0035.png 1 0 102 512 493
CP/1346/3734/0036.png 1 0 100 512 493
CP/1346/3734/0037.png 1 0 98 512 493
CP/1346/3734/0038.png 1 0 97 512 493
CP/1346/3734/0039.png 1 0 95 512 492
CP/1346/3735/0021.png 1 0 110 512 490
CP/1346/3735/0035.png 1 0 99 512 493
CP/1346/3735/0038.png 1 0 94 512 493
CP/1358/3761/0029.png 1 4 181 512 447
CP/1358/3761/0030.png 1 4 181 512 448
CP/1358/3761/0032.png 1 4 181 508 448
CP/1358/3761/0033.png 1 4 181 508 449
CP/1358/3761/0034.png 1 4 181 508 449
CP/1358/3761/0035.png 1 4 180 508 449
CP/1358/3761/0037.png 1 4 178 512 450
CP/1358/3761/0038.png 1 4 178 508 450
CP/1358/3761/0039.png 1 4 177 508 450
CP/1358/3761/0040.png 1 4 176 508 451
CP/1358/3761/0041.png 1 4 176 508 451
CP/1358/3761/0042.png 1 4 175 508 451
CP/1358/3761/0043.png 1 4 174 508 451
CP/1358/3761/0047.png 1 4 171 508 452
CP/1358/3761/0056.png 1 5 164 507 454
CP/1358/3761/0057.png 1 5 164 507 454
CP/1358/3761/0062.png 1 5 159 507 454
CP/1358/3761/0063.png 1 5 158 507 454
CP/1358/3761/0100.png 1 9 128 502 459
CP/1358/3761/0102.png 1 9 127 501 459
CP/1358/3761/0103.png 1 10 126 501 459
CP/1358/3761/0104.png 1 10 125 501 460
CP/1358/3761/0105.png 1 10 125 501 460
CP/1358/3761/0106.png 1 10 124 500 460
CP/1358/3761/0107.png 1 10 124 500 460
CP/1358/3761/0108.png 1 11 123 500 460
CP/1358/3761/0109.png 1 11 123 500 460
CP/1358/3761/0110.png 1 11 122 500 460
CP/1358/3761/0111.png 1 11 122 499 460
CP/1358/3761/0112.png 1 11 121 499 460
CP/1358/3761/0113.png 1 12 120 499 460
CP/1358/3761/0114.png 1 12 120 499 460
CP/1358/3761/0115.png 1 12 120 498 460
CP/1358/3761/0116.png 1 12 119 498 461
CP/1358/3761/0117.png 1 12 119 498 461
CP/1358/3761/0118.png 1 12 118 497 461
CP/1358/3761/0123.png 1 14 116 496 461
CP/1358/3761/0130.png 1 16 114 494 462
CP/1358/3761/0131.png 1 16 113 493 462
CP/1358/3761/0132.png 1 16 113 493 462
CP/1358/3761/0133.png 1 17 113 493 462
CP/1358/3761/0134.png 1 17 112 492 462
CP/1358/3761/0135.png 1 17 112 492 462
CP/1358/3761/0136.png 1 18 111 491 462
CP/1358/3761/0137.png 1 18 111 491 462
CP/1358/3761/0138.png 1 18 111 490 462
CP/1358/3761/0139.png 1 19 110 490 462
CP/1358/3761/0140.png 1 19 110 490 462
CP/1358/3761/0141.png 1 19 109 489 462
CP/1358/3761/0142.png 1 20 109 489 462
CP/1358/3761/0143.png 1 20 109 488 462
CP/1358/3761/0144.png 1 20 108 488 462
CP/1358/3761/0145.png 1 21 108 487 462
CP/1358/3761/0146.png 1 21 108 487 462
CP/1358/3761/0147.png 1 21 107 486 462
CP/1358/3761/0148.png 1 22 107 485 462
CP/1358/3761/0149.png 1 22 107 485 462
CP/1358/3761/0150.png 1 22 107 484 462
CP/1358/3761/0151.png 1 23 107 484 462
CP/1358/3761/0152.png 1 23 106 483 462
CP/1358/3761/0153.png 1 24 106 483 462
CP/1358/3761/0154.png 1 24 106 482 462
CP/1358/3761/0155.png 1 24 106 482 462
CP/1358/3761/0156.png 1 25 106 481 462
CP/1358/3761/0157.png 1 25 105 481 462
CP/1358/3761/0164.png 1 29 105 480 462
CP/1358/3761/0199.png 1 46 99 481 461
CP/1358/3761/0203.png 1 47 99 481 461
CP/1358/3761/0206.png 1 48 99 481 460
CP/1358/3762/0008.png 1 4 181 508 448
CP/1358/3762/0009.png 1 4 179 508 450
CP/1358/3762/0010.png 1 4 176 508 451
CP/1358/3762/0011.png 1 4 173 508 452
CP/1358/3762/0012.png 1 4 171 507 452
CP/1358/3762/0013.png 1 4 168 507 453
CP/1358/3762/0014.png 1 5 164 507 454
CP/1358/3762/0015.png 1 5 161 507 454
CP/1358/3762/0016.png 1 5 157 507 454
CP/1358/3762/0024.png 1 8 130 503 459
CP/1358/3762/0025.png 1 9 128 502 459
CP/1358/3762/0026.png 1 10 125 501 460
CP/1358/3762/0027.png 1 10 123 500 460
CP/1358/3762/0028.png 1 11 121 499 460
CP/1358/3762/0029.png 1 12 119 498 461
CP/1358/3762/0030.png 1 13 117 497 461
CP/1358/3762/0031.png 1 14 116 496 461
CP/1358/3762/0032.png 1 15 115 494 462
CP/1358/3762/0033.png 1 16 113 493 462
CP/1358/3762/0034.png 1 18 111 491 462
CP/1358/3762/0035.png 1 19 110 490 462
CP/1358/3762/0036.png 1 20 108 488 462
CP/1358/3762/0037.png 1 22 107 486 462
CP/1358/3762/0038.png 1 23 106 483 462
CP/1358/3762/0039.png 1 25 106 482 462
CP/1358/3762/0040.png 1 27 105 480 463
CP/1358/3762/0041.png 1 28 105 480 463
CP/1358/3762/0042.png 1 31 104 480 463
CP/1358/3762/0043.png 1 33 104 480 462
CP/1358/3762/0044.png 1 35 103 481 462
CP/1358/3762/0045.png 1 37 102 481 462
CP/1358/3762/0046.png 1 39 101 481 462
CP/1358/3762/0071.png 1 4 180 512 447
CP/1358/3762/0072.png 1 4 178 512 448
CP/1358/3762/0073.png 1 4 175 508 449
CP/1358/3762/0074.png 1 4 172 508 451
CP/1358/3762/0075.png 1 4 170 508 452
CP/1358/3762/0076.png 1 5 167 507 453
CP/1358/3762/0077.png 1 5 164 507 453
CP/1358/3762/0078.png 1 5 161 507 454
CP/1358/3762/0079.png 1 5 157 507 454
CP/1358/3762/0080.png 1 6 153 506 454
CP/1358/3762/0085.png 1 8 137 504 458
CP/1358/3762/0086.png 1 8 134 503 458
CP/1358/3762/0087.png 1 9 131 503 459
CP/1358/3762/0088.png 1 9 128 502 459
CP/1358/3762/0089.png 1 10 125 501 460
CP/1358/3762/0090.png 1 11 123 500 460
CP/1358/3762/0091.png 1 12 120 499 461
CP/1358/3762/0092.png 1 12 118 498 461
CP/1358/3762/0093.png 1 13 116 497 461
CP/1358/3762/0094.png 1 14 115 495 462
CP/1358/3762/0095.png 1 16 113 494 462
CP/1358/3762/0096.png 1 17 111 493 462
CP/1358/3762/0097.png 1 18 109 491 462
CP/1358/3762/0098.png 1 19 107 490 462
CP/1358/3762/0099.png 1 20 106 488 462
CP/1358/3762/0100.png 1 22 105 486 462
CP/1358/3762/0101.png 1 23 104 484 463
CP/1358/3762/0102.png 1 25 103 482 463
CP/1358/3762/0103.png 1 27 102 481 463
CP/1358/3762/0107.png 1 35 100 480 462
CP/1358/3762/0108.png 1 37 99 481 462
CP/1358/3762/0109.png 1 39 98 481 462
CP/1358/3762/0110.png 1 41 97 482 462
CP/1358/3763/0008.png 1 4 181 508 448
CP/1358/3763/0009.png 1 4 179 508 450
CP/1358/3763/0010.png 1 4 176 508 451
CP/1358/3763/0011.png 1 4 173 508 452
CP/1358/3763/0012.png 1 4 171 508 452
CP/1358/3763/0013.png 1 4 168 507 453
CP/1358/3763/0014.png 1 5 164 507 454
CP/1358/3763/0016.png 1 5 157 507 454
CP/1358/3763/0024.png 1 8 130 503 459
CP/1358/3763/0025.png 1 9 128 502 459
CP/1358/3763/0026.png 1 10 125 501 459
CP/1358/3763/0027.png 1 10 123 500 460
CP/1358/3763/0028.png 1 11 121 499 460
CP/1358/3763/0029.png 1 12 119 498 461
CP/1358/3763/0030.png 1 13 117 497 461
CP/1358/3763/0031.png 1 14 116 496 461
CP/1358/3763/0033.png 1 16 113 493 462
CP/1358/3763/0034.png 1 18 111 492 462
CP/1358/3763/0035.png 1 19 110 490 462
CP/1358/3763/0036.png 1 20 108 488 462
CP/1358/3763/0037.png 1 22 107 485 462
CP/1358/3763/0038.png 1 23 106 483 462
CP/1358/3763/0039.png 1 25 106 481 462
CP/1358/3763/0043.png 1 33 104 480 462
CP/1358/3763/0044.png 1 35 103 480 462
CP/1358/3763/0052.png 1 48 99 481 460
NCP/25/1181/0017.png 2 0 201 512 490
NCP/25/1181/0018.png 2 0 202 512 490
NCP/25/1181/0019.png 2 0 204 512 491
NCP/25/1181/0020.png 2 0 209 512 491
NCP/25/1181/0021.png 2 0 216 512 492
NCP/25/1181/0022.png 2 0 217 512 492
NCP/25/1181/0023.png 2 0 216 512 493
NCP/25/1181/0024.png 2 0 214 512 493
NCP/25/1181/0025.png 2 0 212 512 493
NCP/25/1181/0026.png 2 0 212 512 494
NCP/25/1181/0027.png 2 0 211 512 494
NCP/25/1181/0028.png 2 0 209 512 494
NCP/25/1181/0029.png 2 0 207 512 494
NCP/25/1181/0030.png 2 0 206 512 494
NCP/25/1181/0031.png 2 0 204 512 495
NCP/25/1181/0032.png 2 0 202 512 495
NCP/25/1181/0033.png 2 0 201 512 495
NCP/25/1181/0034.png 2 0 199 512 495
NCP/25/1181/0035.png 2 0 198 512 496
NCP/25/1181/0036.png 2 0 195 512 496
NCP/25/1181/0037.png 2 0 193 512 496
NCP/25/1181/0038.png 2 0 191 512 495
NCP/25/1181/0039.png 2 0 188 512 495
NCP/25/1181/0040.png 2 0 187 512 495
NCP/25/1181/0041.png 2 0 185 512 494
NCP/25/1181/0042.png 2 0 184 512 494
NCP/25/1181/0043.png 2 0 182 512 493
NCP/25/1181/0044.png 2 0 180 512 492
NCP/25/1181/0045.png 2 0 178 512 491
NCP/25/1181/0046.png 2 0 177 512 490
NCP/25/1181/0047.png 2 0 175 512 489
NCP/25/1181/0048.png 2 0 174 512 490
NCP/25/1181/0049.png 2 0 173 512 490
NCP/25/1181/0050.png 2 0 172 512 490
NCP/25/1181/0051.png 2 0 171 512 490
NCP/25/1181/0052.png 2 0 170 512 490
NCP/25/1181/0057.png 2 0 165 498 492
NCP/25/1181/0058.png 2 0 164 497 493
NCP/25/1181/0059.png 2 0 163 497 493
NCP/25/1181/0061.png 2 30 162 496 493
NCP/25/1181/0062.png 2 31 161 495 492
NCP/25/1181/0063.png 2 31 161 495 492
NCP/25/1181/0064.png 2 32 160 494 491
NCP/25/1181/0065.png 2 32 160 493 491
NCP/25/1181/0066.png 2 33 160 492 490
NCP/25/1181/0067.png 2 33 159 492 490
NCP/25/1181/0068.png 2 33 158 491 489
NCP/25/1181/0069.png 2 34 143 490 489
NCP/25/1181/0070.png 2 34 155 490 489
NCP/25/1181/0071.png 2 34 143 489 488
NCP/25/1181/0072.png 2 35 143 488 488
NCP/25/1181/0073.png 2 35 144 488 487
NCP/25/1181/0074.png 2 35 144 488 487
NCP/25/1181/0075.png 2 36 157 487 487
NCP/25/1181/0076.png 2 36 157 487 486
NCP/25/1181/0077.png 2 36 157 487 486
NCP/25/1181/0078.png 2 37 156 486 486
NCP/25/1181/0079.png 2 37 156 486 486
NCP/25/1181/0080.png 2 37 156 486 485
NCP/25/1181/0081.png 2 37 156 486 485
NCP/25/1181/0082.png 2 37 155 485 485
NCP/25/1181/0083.png 2 37 155 485 485
NCP/25/1181/0084.png 2 38 155 485 484
NCP/25/1181/0085.png 2 38 155 485 484
NCP/25/1181/0086.png 2 38 155 485 484
NCP/25/1181/0087.png 2 38 155 484 484
NCP/25/1181/0088.png 2 38 155 484 483
NCP/25/1181/0089.png 2 38 154 484 483
NCP/25/1181/0090.png 2 38 153 483 482
NCP/25/1181/0091.png 2 37 153 483 482
NCP/25/1181/0092.png 2 37 152 483 482
NCP/25/1181/0093.png 2 37 151 482 482
NCP/25/1181/0094.png 2 37 151 482 481
NCP/25/1181/0095.png 2 37 151 482 481
NCP/25/1181/0096.png 2 36 150 482 481
NCP/25/1181/0097.png 2 36 150 481 480
NCP/25/1181/0098.png 2 36 149 481 480
NCP/25/1181/0099.png 2 36 149 481 480
NCP/25/1181/0100.png 2 36 148 481 479
NCP/25/1181/0101.png 2 35 148 480 479
NCP/25/1181/0102.png 2 35 147 480 479
NCP/25/1181/0103.png 2 35 147 480 479
NCP/25/1181/0104.png 2 35 146 480 478
NCP/25/1181/0105.png 2 34 146 479 478
NCP/25/1181/0106.png 2 34 145 479 478
NCP/25/1181/0107.png 2 34 145 479 478
NCP/25/1181/0108.png 2 34 145 479 477
NCP/25/1183/0007.png 2 0 202 512 491
NCP/25/1183/0008.png 2 0 217 512 492
NCP/25/1183/0009.png 2 0 214 512 493
NCP/25/1183/0010.png 2 0 210 512 494
NCP/25/1183/0011.png 2 0 204 512 495
NCP/25/1183/0012.png 2 0 200 512 495
NCP/25/1183/0013.png 2 0 193 512 496
NCP/25/1183/0014.png 2 0 188 512 495
NCP/25/1183/0015.png 2 0 182 512 493
NCP/25/1183/0016.png 2 0 178 512 491
NCP/25/1183/0018.png 2 0 170 512 490
NCP/25/1183/0020.png 2 0 164 498 492
NCP/25/1183/0021.png 2 29 162 496 493
NCP/25/1183/0022.png 2 31 161 495 492
NCP/25/1183/0023.png 2 33 159 492 490
NCP/25/1183/0024.png 2 34 143 490 489
NCP/25/1183/0025.png 2 35 143 488 488
NCP/25/1183/0026.png 2 36 157 487 487
NCP/25/1183/0027.png 2 37 156 486 486
NCP/25/1183/0028.png 2 37 155 486 485
NCP/25/1183/0029.png 2 38 155 485 484
NCP/25/1183/0030.png 2 38 155 484 484
NCP/25/1183/0031.png 2 37 153 483 482
NCP/25/1183/0032.png 2 37 151 482 482
NCP/25/1183/0033.png 2 36 150 482 481
NCP/25/1183/0034.png 2 36 148 481 480
NCP/25/1183/0035.png 2 35 147 480 479
NCP/25/1183/0036.png 2 34 146 479 478
NCP/251/1648/0028.png 2 0 163 512 422
NCP/251/1649/0016.png 2 0 152 512 422
NCP/258/1662/0011.png 2 0 153 512 420
NCP/258/1662/0024.png 2 0 132 512 414
NCP/258/1662/0025.png 2 0 130 512 414
NCP/258/1662/0032.png 2 0 123 512 413
NCP/258/1662/0033.png 2 0 122 512 413
NCP/258/1662/0034.png 2 0 121 512 413
NCP/258/1662/0042.png 2 0 114 512 413
NCP/258/1662/0043.png 2 0 113 512 413
NCP/258/1662/0053.png 2 0 108 501 413
NCP/258/1662/0054.png 2 0 107 500 413
NCP/258/1662/0055.png 2 0 107 500 413
NCP/258/1662/0056.png 2 0 106 499 414
NCP/258/1662/0057.png 2 0 106 498 414
NCP/258/1662/0058.png 2 0 106 497 413
NCP/258/1662/0059.png 2 0 105 496 414
NCP/258/1662/0060.png 2 0 105 495 414
NCP/258/1662/0061.png 2 0 105 494 414
NCP/258/1662/0062.png 2 0 104 492 414
NCP/258/1662/0063.png 2 5 104 491 414
NCP/258/1662/0064.png 2 6 103 490 414
NCP/258/1662/0065.png 2 8 103 488 414
NCP/258/1662/0066.png 2 9 103 487 414
NCP/258/1662/0067.png 2 10 102 486 414
NCP/258/1662/0068.png 2 11 102 484 414
NCP/258/1662/0069.png 2 13 102 483 414
NCP/258/1662/0071.png 2 15 101 480 414
NCP/258/1662/0072.png 2 17 101 479 414
NCP/258/1662/0073.png 2 18 100 478 414
NCP/258/1662/0074.png 2 20 100 477 414
NCP/258/1663/0010.png 2 0 135 512 416
NCP/258/1663/0011.png 2 0 131 512 414
NCP/258/1663/0012.png 2 0 129 512 413
NCP/258/1663/0013.png 2 0 126 512 413
NCP/258/1663/0014.png 2 0 123 512 413
NCP/258/1663/0015.png 2 0 120 512 413
NCP/258/1663/0016.png 2 0 118 512 413
NCP/258/1663/0017.png 2 0 116 512 413
NCP/258/1663/0018.png 2 0 114 512 413
NCP/258/1663/0019.png 2 0 113 512 413
NCP/258/1663/0022.png 2 0 108 502 413
NCP/258/1663/0023.png 2 0 107 500 413
NCP/258/1663/0024.png 2 0 106 498 414
NCP/258/1663/0025.png 2 0 105 495 414
NCP/258/1663/0026.png 2 0 104 493 414
NCP/258/1663/0027.png 2 7 103 489 414
NCP/258/1663/0028.png 2 10 102 486 414
NCP/258/1663/0029.png 2 13 101 483 414
NCP/258/1663/0030.png 2 17 101 480 414
NCP/258/1663/0031.png 2 20 100 477 414
NCP/258/1663/0032.png 2 24 96 474 414
NCP/262/1671/0005.png 2 0 189 512 434
NCP/265/1676/0025.png 2 16 126 512 403
NCP/265/1676/0028.png 2 17 121 512 404
NCP/265/1676/0029.png 2 17 120 512 404
NCP/265/1676/0030.png 2 17 118 508 405
NCP/265/1676/0031.png 2 17 117 507 405
NCP/265/1676/0032.png 2 17 116 507 405
NCP/265/1676/0033.png 2 17 115 506 405
NCP/265/1676/0034.png 2 17 113 505 405
NCP/265/1676/0035.png 2 17 112 505 405
NCP/265/1676/0036.png 2 17 110 504 406
NCP/265/1676/0037.png 2 17 109 504 406
NCP/265/1676/0038.png 2 17 108 503 406
NCP/265/1676/0039.png 2 17 106 503 406
NCP/265/1676/0040.png 2 17 105 502 407
NCP/265/1676/0041.png 2 17 104 502 407
NCP/265/1676/0042.png 2 18 103 502 407
NCP/265/1676/0043.png 2 18 102 501 407
NCP/265/1676/0044.png 2 18 101 501 407
NCP/265/1676/0045.png 2 18 99 501 407
NCP/265/1676/0046.png 2 18 99 500 407
NCP/265/1676/0047.png 2 18 98 500 407
NCP/265/1676/0048.png 2 18 97 499 407
NCP/265/1676/0049.png 2 18 96 498 408
NCP/265/1676/0050.png 2 18 95 498 408
NCP/265/1676/0051.png 2 18 94 497 408
NCP/265/1676/0068.png 2 22 83 488 409
NCP/265/1676/0069.png 2 22 83 487 409
NCP/265/1676/0070.png 2 23 83 486 409
NCP/265/1676/0071.png 2 23 83 486 409
NCP/265/1676/0072.png 2 23 82 485 409
NCP/265/1676/0073.png 2 24 82 484 409
NCP/265/1676/0075.png 2 25 81 483 410
NCP/265/1676/0076.png 2 26 81 482 410
NCP/265/1676/0077.png 2 26 81 481 409
NCP/265/1676/0082.png 2 27 79 481 409
NCP/265/1676/0083.png 2 28 79 481 409
NCP/265/1676/0084.png 2 28 79 481 409
NCP/265/1676/0085.png 2 28 79 481 409
NCP/265/1676/0086.png 2 29 78 481 409
NCP/265/1676/0087.png 2 29 78 481 409
NCP/265/1676/0088.png 2 29 78 481 409
NCP/265/1676/0089.png 2 29 77 481 409
NCP/265/1676/0090.png 2 30 77 480 409
NCP/265/1676/0091.png 2 30 77 480 409
NCP/265/1676/0092.png 2 30 77 480 409
NCP/265/1676/0093.png 2 30 76 479 409
NCP/265/1676/0094.png 2 31 76 479 409
NCP/265/1676/0095.png 2 31 76 478 409
NCP/265/1676/0096.png 2 31 76 478 409
NCP/265/1676/0097.png 2 32 76 477 409
NCP/265/1676/0098.png 2 32 76 477 409
NCP/265/1677/0009.png 2 15 133 512 402
NCP/265/1677/0011.png 2 16 127 512 403
NCP/265/1677/0012.png 2 16 122 512 404
NCP/265/1677/0013.png 2 17 119 512 404
NCP/265/1677/0014.png 2 17 116 507 405
NCP/265/1677/0015.png 2 17 113 505 405
NCP/265/1677/0016.png 2 17 109 504 406
NCP/265/1677/0017.png 2 17 105 503 407
NCP/265/1677/0018.png 2 18 102 502 407
NCP/265/1677/0019.png 2 18 100 501 407
NCP/265/1677/0020.png 2 18 98 500 407
NCP/265/1677/0021.png 2 18 96 498 408
NCP/265/1677/0022.png 2 18 93 497 408
NCP/265/1677/0027.png 2 21 85 490 409
NCP/265/1677/0028.png 2 21 84 489 409
NCP/265/1677/0029.png 2 22 83 487 409
NCP/265/1677/0030.png 2 23 82 485 409
NCP/265/1677/0031.png 2 25 81 483 409
NCP/265/1677/0032.png 2 26 81 481 409
NCP/265/1677/0034.png 2 27 79 481 409
NCP/265/1677/0035.png 2 28 79 481 409
NCP/265/1677/0036.png 2 29 78 481 409
NCP/265/1677/0037.png 2 30 77 480 409
NCP/265/1677/0038.png 2 30 76 480 409
NCP/265/1677/0039.png 2 31 76 479 409
NCP/265/1677/0040.png 2 32 76 477 409
Normal/1670/787/0000.png 0 0 160 512 362
Normal/1670/787/0001.png 0 0 156 512 365
Normal/1670/787/0002.png 0 0 151 512 369
Normal/1670/787/0003.png 0 0 145 512 371
Normal/1670/787/0004.png 0 0 141 512 375
Normal/1670/787/0005.png 0 0 135 512 378
Normal/1670/787/0006.png 0 0 130 512 379
Normal/1670/787/0007.png 0 0 125 512 379
Normal/1670/787/0008.png 0 0 120 512 378
Normal/1670/787/0009.png 0 0 116 512 376
Normal/1670/787/0010.png 0 0 111 512 372
Normal/1670/787/0011.png 0 0 106 512 367
Normal/1670/787/0012.png 0 0 102 512 364
Normal/1670/787/0013.png 0 0 97 512 361
Normal/1670/787/0014.png 0 0 93 512 360
Normal/1670/787/0015.png 0 0 89 512 359
Normal/1670/787/0016.png 0 0 85 512 360
Normal/1670/787/0017.png 0 0 82 512 360
Normal/1670/787/0018.png 0 0 78 512 360
Normal/1670/787/0019.png 0 4 75 512 360
Normal/1670/787/0020.png 0 6 73 512 361
Normal/1670/787/0021.png 0 8 70 512 361
Normal/1670/787/0022.png 0 10 67 512 362
Normal/1670/787/0023.png 0 11 65 512 362
Normal/1670/787/0024.png 0 13 62 512 362
Normal/1670/787/0025.png 0 15 60 512 362
Normal/1670/787/0026.png 0 17 59 508 362
Normal/1670/787/0027.png 0 20 57 505 362
Normal/1670/787/0028.png 0 22 55 502 362
Normal/1670/787/0029.png 0 25 52 500 362
Normal/1670/787/0030.png 0 27 50 497 362
Normal/1670/787/0031.png 0 30 48 495 362
Normal/1670/787/0032.png 0 33 46 492 362
Normal/1670/787/0033.png 0 36 43 490 362
Normal/1670/787/0034.png 0 38 42 487 362
Normal/1670/787/0035.png 0 41 40 484 362
Normal/1670/787/0036.png 0 43 39 481 361
Normal/1670/787/0037.png 0 45 38 479 361
Normal/1670/787/0038.png 0 47 37 476 361
Normal/1670/787/0039.png 0 49 36 474 361
Normal/1670/787/0040.png 0 51 35 472 361
Normal/1670/787/0041.png 0 52 33 470 361
Normal/1670/787/0042.png 0 53 32 469 361
Normal/1670/787/0043.png 0 53 30 468 361
Normal/1670/787/0044.png 0 53 28 467 361
Normal/1670/787/0045.png 0 53 27 466 361
Normal/1670/787/0046.png 0 53 26 466 361
Normal/1670/787/0047.png 0 54 25 466 361
Normal/1670/787/0048.png 0 54 25 465 361
Normal/1670/787/0049.png 0 55 24 465 361
Normal/1670/787/0050.png 0 55 23 465 361
Normal/1670/787/0051.png 0 55 22 464 360
Normal/1670/787/0052.png 0 55 22 465 360
Normal/1670/787/0053.png 0 54 22 465 361
Normal/1670/787/0054.png 0 53 23 465 361
Normal/1670/787/0055.png 0 52 22 466 361
Normal/1670/787/0056.png 0 52 22 467 361
Normal/1670/787/0057.png 0 51 23 468 360
Normal/1670/788/0000.png 0 0 160 512 362
Normal/1670/788/0001.png 0 0 156 512 365
Normal/1670/788/0002.png 0 0 151 512 369
Normal/1670/788/0003.png 0 0 145 512 371
Normal/1670/788/0004.png 0 0 140 512 375
Normal/1670/788/0005.png 0 0 135 512 378
Normal/1670/788/0006.png 0 0 130 512 379
Normal/1670/788/0007.png 0 0 125 512 379
Normal/1670/788/0008.png 0 0 120 512 378
Normal/1670/788/0009.png 0 0 116 512 376
Normal/1670/788/0010.png 0 0 111 512 372
Normal/1670/788/0011.png 0 0 106 512 367
Normal/1670/788/0012.png 0 0 102 512 364
Normal/1670/788/0013.png 0 0 97 512 361
Normal/1670/788/0014.png 0 0 93 512 360
Normal/1670/788/0015.png 0 0 89 512 360
Normal/1670/788/0016.png 0 0 85 512 360
Normal/1670/788/0017.png 0 0 82 512 360
Normal/1670/788/0018.png 0 0 78 512 360
Normal/1670/788/0019.png 0 4 75 512 361
Normal/1670/788/0020.png 0 6 73 512 361
Normal/1670/788/0021.png 0 8 70 512 361
Normal/1670/788/0022.png 0 10 67 512 362
Normal/1670/788/0023.png 0 11 65 512 362
Normal/1670/788/0024.png 0 13 62 512 362
Normal/1670/788/0025.png 0 15 60 512 362
Normal/1670/788/0026.png 0 17 59 508 362
Normal/1670/788/0027.png 0 20 57 505 362
Normal/1670/788/0028.png 0 22 54 502 362
Normal/1670/788/0029.png 0 25 52 500 362
Normal/1670/788/0030.png 0 27 50 497 362
Normal/1670/788/0031.png 0 30 48 495 362
Normal/1670/788/0032.png 0 33 46 492 362
Normal/1670/788/0033.png 0 36 43 490 362
Normal/1670/788/0034.png 0 38 42 487 362
Normal/1670/788/0035.png 0 41 40 484 362
Normal/1670/788/0036.png 0 43 39 481 362
Normal/1670/788/0037.png 0 45 38 479 362
Normal/1670/788/0038.png 0 47 37 476 362
Normal/1670/788/0039.png 0 49 36 474 362
Normal/1670/788/0040.png 0 51 35 472 362
Normal/1670/788/0041.png 0 52 33 470 361
Normal/1670/788/0042.png 0 53 32 469 361
Normal/1670/788/0043.png 0 53 29 468 361
Normal/1670/788/0044.png 0 53 28 467 361
Normal/1670/788/0045.png 0 53 27 467 361
Normal/1670/788/0046.png 0 53 26 466 361
Normal/1670/788/0047.png 0 54 25 466 361
Normal/1670/788/0048.png 0 54 25 465 362
Normal/1670/788/0049.png 0 54 24 465 362
Normal/1670/788/0050.png 0 55 23 465 361
Normal/1670/788/0051.png 0 55 22 465 360
Normal/1670/788/0052.png 0 55 21 465 361
Normal/1670/788/0053.png 0 54 22 465 361
Normal/1670/788/0054.png 0 53 22 466 361
Normal/1670/788/0055.png 0 52 22 466 361
Normal/1670/788/0056.png 0 51 22 467 361
Normal/1670/788/0057.png 0 51 22 468 361
Normal/1670/789/0000.png 0 0 172 512 394
Normal/1670/789/0001.png 0 0 167 512 396
Normal/1670/789/0002.png 0 0 162 512 397
Normal/1670/789/0003.png 0 0 157 512 399
Normal/1670/789/0004.png 0 0 153 512 400
Normal/1670/789/0005.png 0 0 148 512 400
Normal/1670/789/0006.png 0 0 143 512 400
Normal/1670/789/0007.png 0 0 139 512 401
Normal/1670/789/0008.png 0 0 135 512 401
Normal/1670/789/0009.png 0 0 131 512 401
Normal/1670/789/0010.png 0 0 127 512 401
Normal/1670/789/0011.png 0 0 123 512 401
Normal/1670/789/0012.png 0 0 120 512 401
Normal/1670/789/0013.png 0 0 116 512 401
Normal/1670/789/0014.png 0 0 113 512 402
Normal/1670/789/0015.png 0 0 110 512 402
Normal/1670/789/0016.png 0 0 106 512 402
Normal/1670/789/0017.png 0 0 104 512 402
Normal/1670/789/0018.png 0 0 101 512 402
Normal/1670/789/0019.png 0 5 99 512 402
Normal/1670/789/0020.png 0 7 97 512 402
Normal/1670/789/0021.png 0 8 95 512 402
Normal/1670/789/0022.png 0 10 93 512 402
Normal/1670/789/0023.png 0 12 90 512 402
Normal/1670/789/0024.png 0 14 88 512 402
Normal/1670/789/0025.png 0 17 86 512 403
Normal/1670/789/0026.png 0 20 84 512 403
Normal/1670/789/0027.png 0 22 82 512 403
Normal/1670/789/0028.png 0 25 80 512 403
Normal/1670/789/0029.png 0 28 77 512 403
Normal/1670/789/0030.png 0 30 75 512 403
Normal/1670/789/0031.png 0 32 73 512 403
Normal/1670/789/0032.png 0 34 72 505 403
Normal/1670/789/0033.png 0 36 70 503 403
Normal/1670/789/0034.png 0 38 69 500 403
Normal/1670/789/0035.png 0 40 68 498 403
Normal/1670/789/0036.png 0 42 67 495 403
Normal/1670/789/0037.png 0 43 66 492 404
Normal/1670/789/0038.png 0 45 65 490 404
Normal/1670/789/0039.png 0 46 63 487 404
Normal/1670/789/0040.png 0 46 62 485 404
Normal/1670/789/0041.png 0 47 61 483 404
Normal/1670/789/0042.png 0 47 60 481 404
Normal/1670/789/0043.png 0 47 60 480 404
Normal/1670/789/0044.png 0 47 60 480 404
Normal/1670/789/0045.png 0 46 59 479 404
Normal/1670/789/0046.png 0 46 59 478 404
Normal/1670/789/0047.png 0 46 58 477 404
Normal/1670/789/0048.png 0 45 58 477 404
Normal/1670/789/0049.png 0 44 58 477 404
Normal/1670/789/0050.png 0 43 58 477 404
Normal/1670/789/0051.png 0 42 58 478 404
Normal/1670/789/0052.png 0 41 59 479 404
Normal/1670/789/0053.png 0 40 59 480 404
Normal/1670/789/0054.png 0 40 59 481 404
Normal/1670/789/0055.png 0 39 59 481 404
Normal/1670/789/0056.png 0 39 59 482 404
Normal/1670/789/0057.png 0 38 59 482 403
Normal/1670/789/0058.png 0 38 59 483 403
Normal/1670/789/0059.png 0 38 60 483 401
Normal/1670/789/0060.png 0 37 60 483 399
Normal/1670/789/0061.png 0 37 61 484 398
Normal/1670/789/0062.png 0 37 61 484 398
Normal/1670/790/0000.png 0 0 172 512 394
Normal/1670/790/0001.png 0 0 167 512 396
Normal/1670/790/0002.png 0 0 162 512 398
Normal/1670/790/0003.png 0 0 157 512 399
Normal/1670/790/0004.png 0 0 153 512 400
Normal/1670/790/0005.png 0 0 148 512 400
Normal/1670/790/0006.png 0 0 143 512 401
Normal/1670/790/0007.png 0 0 139 512 401
Normal/1670/790/0008.png 0 0 135 512 401
Normal/1670/790/0009.png 0 0 131 512 401
Normal/1670/790/0010.png 0 0 127 512 401
Normal/1670/790/0011.png 0 0 123 512 401
Normal/1670/790/0012.png 0 0 119 512 401
Normal/1670/790/0013.png 0 0 116 512 401
Normal/1670/790/0014.png 0 0 113 512 402
Normal/1670/790/0015.png 0 0 110 512 402
Normal/1670/790/0016.png 0 0 106 512 402
Normal/1670/790/0017.png 0 0 104 512 402
Normal/1670/790/0018.png 0 0 101 512 402
Normal/1670/790/0019.png 0 5 99 512 402
Normal/1670/790/0020.png 0 7 97 512 402
Normal/1670/790/0021.png 0 8 95 512 403
Normal/1670/790/0022.png 0 10 93 512 403
Normal/1670/790/0023.png 0 12 90 512 402
Normal/1670/790/0024.png 0 14 88 512 402
Normal/1670/790/0025.png 0 17 86 512 403
Normal/1670/790/0026.png 0 20 84 512 403
Normal/1670/790/0027.png 0 22 82 512 403
Normal/1670/790/0028.png 0 25 79 512 403
Normal/1670/790/0029.png 0 28 77 512 403
Normal/1670/790/0030.png 0 30 75 512 403
Normal/1670/790/0031.png 0 32 73 512 403
Normal/1670/790/0032.png 0 34 72 505 404
Normal/1670/790/0033.png 0 36 70 503 404
Normal/1670/790/0034.png 0 38 69 500 404
Normal/1670/790/0035.png 0 40 68 498 403
Normal/1670/790/0036.png 0 42 67 495 404
Normal/1670/790/0037.png 0 43 66 492 404
Normal/1670/790/0038.png 0 45 64 490 404
Normal/1670/790/0039.png 0 46 63 487 404
Normal/1670/790/0040.png 0 46 62 485 404
Normal/1670/790/0041.png 0 46 61 483 404
Normal/1670/790/0042.png 0 47 60 481 404
Normal/1670/790/0043.png 0 47 60 481 404
Normal/1670/790/0044.png 0 47 59 480 404
Normal/1670/790/0045.png 0 46 59 479 404
Normal/1670/790/0046.png 0 46 58 478 404
Normal/1670/790/0047.png 0 46 58 477 404
Normal/1670/790/0048.png 0 45 58 477 404
Normal/1670/790/0049.png 0 44 58 477 404
Normal/1670/790/0050.png 0 43 58 477 404
Normal/1670/790/0051.png 0 42 58 478 404
Normal/1670/790/0052.png 0 41 58 479 404
Normal/1670/790/0053.png 0 40 59 480 404
Normal/1670/790/0054.png 0 39 59 481 404
Normal/1670/790/0055.png 0 39 59 481 404
Normal/1670/790/0056.png 0 39 59 482 404
Normal/1670/790/0057.png 0 38 59 483 404
Normal/1670/790/0058.png 0 38 59 483 403
Normal/1670/790/0059.png 0 38 60 483 401
Normal/1670/790/0060.png 0 37 60 483 399
Normal/1670/790/0061.png 0 37 61 484 398
Normal/1670/790/0062.png 0 36 61 484 398
Normal/1670/791/0000.png 0 0 218 512 432
Normal/1670/791/0001.png 0 0 213 512 437
Normal/1670/791/0002.png 0 0 209 512 441
Normal/1670/791/0003.png 0 0 203 512 444
Normal/1670/791/0004.png 0 0 199 512 446
Normal/1670/791/0005.png 0 0 194 512 447
Normal/1670/791/0006.png 0 0 189 512 448
Normal/1670/791/0007.png 0 0 184 512 447
Normal/1670/791/0008.png 0 0 179 512 445
Normal/1670/791/0009.png 0 0 175 512 442
Normal/1670/791/0010.png 0 0 171 512 439
Normal/1670/791/0011.png 0 0 166 512 436
Normal/1670/791/0012.png 0 0 162 512 434
Normal/1670/791/0013.png 0 0 158 512 433
Normal/1670/791/0014.png 0 0 154 512 433
Normal/1670/791/0015.png 0 0 150 512 433
Normal/1670/791/0016.png 0 0 146 512 434
Normal/1670/791/0017.png 0 0 143 512 434
Normal/1670/791/0018.png 0 0 140 512 434
Normal/1670/791/0019.png 0 0 137 512 435
Normal/1670/791/0020.png 0 0 134 512 435
Normal/1670/791/0021.png 0 0 131 512 435
Normal/1670/791/0022.png 0 0 129 512 435
Normal/1670/791/0023.png 0 0 126 512 436
Normal/1670/791/0024.png 0 0 124 512 436
Normal/1670/791/0025.png 0 0 122 507 436
Normal/1670/791/0026.png 0 4 120 504 436
Normal/1670/791/0027.png 0 6 117 501 436
Normal/1670/791/0028.png 0 9 115 498 436
Normal/1670/791/0029.png 0 12 113 495 436
Normal/1670/791/0030.png 0 14 111 493 436
Normal/1670/791/0031.png 0 17 109 490 436
Normal/1670/791/0032.png 0 19 107 487 436
Normal/1670/791/0033.png 0 22 105 485 436
Normal/1670/791/0034.png 0 24 103 482 436
Normal/1670/791/0035.png 0 26 101 480 436
Normal/1670/791/0036.png 0 29 100 478 436
Normal/1670/791/0037.png 0 31 99 476 436
Normal/1670/791/0038.png 0 33 98 474 436
Normal/1670/791/0039.png 0 35 97 472 436
Normal/1670/791/0040.png 0 37 95 470 436
Normal/1670/791/0041.png 0 38 94 469 436
Normal/1670/791/0042.png 0 39 93 468 436
Normal/1670/791/0043.png 0 40 91 468 437
Normal/1670/791/0044.png 0 40 90 468 437
Normal/1670/791/0045.png 0 40 89 468 437
Normal/1670/791/0046.png 0 40 88 467 437
Normal/1670/791/0047.png 0 40 87 467 437
Normal/1670/791/0048.png 0 40 87 467 437
Normal/1670/791/0049.png 0 40 86 466 437
Normal/1670/791/0050.png 0 40 85 466 437
Normal/1670/791/0051.png 0 40 84 466 437
Normal/1670/791/0052.png 0 39 84 466 437
Normal/1670/791/0053.png 0 38 84 467 437
Normal/1670/791/0054.png 0 38 83 467 437
Normal/1670/791/0055.png 0 37 83 468 437
Normal/1670/791/0056.png 0 36 83 468 437
Normal/1670/791/0057.png 0 35 83 469 437
Normal/1670/791/0058.png 0 35 83 470 437
Normal/1670/791/0059.png 0 34 83 470 437
Normal/1670/791/0060.png 0 34 82 471 437
Normal/1670/791/0061.png 0 33 82 471 436
Normal/1670/791/0062.png 0 33 82 472 436
Normal/1670/791/0063.png 0 32 82 472 436
Normal/1670/791/0064.png 0 32 83 472 436
Normal/1670/791/0065.png 0 31 83 473 436
Normal/1670/792/0000.png 0 0 218 512 433
Normal/1670/792/0001.png 0 0 213 512 437
Normal/1670/792/0002.png 0 0 209 512 441
Normal/1670/792/0003.png 0 0 203 512 444
Normal/1670/792/0004.png 0 0 199 512 446
Normal/1670/792/0005.png 0 0 194 512 447
Normal/1670/792/0006.png 0 0 189 512 448
Normal/1670/792/0007.png 0 0 184 512 447
Normal/1670/792/0008.png 0 0 179 512 445
Normal/1670/792/0009.png 0 0 175 512 442
Normal/1670/792/0010.png 0 0 170 512 439
Normal/1670/792/0011.png 0 0 166 512 436
Normal/1670/792/0012.png 0 0 162 512 434
Normal/1670/792/0013.png 0 0 158 512 433
Normal/1670/792/0014.png 0 0 154 512 433
Normal/1670/792/0015.png 0 0 150 512 434
Normal/1670/792/0016.png 0 0 146 512 434
Normal/1670/792/0017.png 0 0 143 512 434
Normal/1670/792/0018.png 0 0 139 512 434
Normal/1670/792/0019.png 0 0 137 512 435
Normal/1670/792/0020.png 0 0 134 512 435
Normal/1670/792/0021.png 0 0 131 512 435
Normal/1670/792/0022.png 0 0 129 512 435
Normal/1670/792/0023.png 0 0 126 512 436
Normal/1670/792/0024.png 0 0 124 512 436
Normal/1670/792/0025.png 0 0 122 507 436
Normal/1670/792/0026.png 0 4 119 504 436
Normal/1670/792/0027.png 0 6 117 501 436
Normal/1670/792/0028.png 0 9 115 498 436
Normal/1670/792/0029.png 0 11 113 495 436
Normal/1670/792/0030.png 0 14 111 493 436
Normal/1670/792/0031.png 0 16 109 490 436
Normal/1670/792/0032.png 0 19 107 487 436
Normal/1670/792/0033.png 0 22 104 485 436
Normal/1670/792/0034.png 0 24 103 482 436
Normal/1670/792/0035.png 0 26 101 480 436
Normal/1670/792/0036.png 0 29 100 478 436
Normal/1670/792/0037.png 0 31 99 476 436
Normal/1670/792/0038.png 0 33 98 474 436
Normal/1670/792/0039.png 0 35 96 472 436
Normal/1670/792/0040.png 0 37 95 470 436
Normal/1670/792/0041.png 0 38 94 469 436
Normal/1670/792/0042.png 0 39 93 469 437
Normal/1670/792/0043.png 0 40 91 468 437
Normal/1670/792/0044.png 0 40 90 468 437
Normal/1670/792/0045.png 0 40 89 468 437
Normal/1670/792/0046.png 0 40 88 467 437
Normal/1670/792/0047.png 0 40 87 467 437
Normal/1670/792/0048.png 0 40 86 467 437
Normal/1670/792/0049.png 0 40 86 466 437
Normal/1670/792/0050.png 0 40 85 466 437
Normal/1670/792/0051.png 0 40 84 466 437
Normal/1670/792/0052.png 0 39 84 467 437
Normal/1670/792/0053.png 0 38 83 467 437
Normal/1670/792/0054.png 0 38 83 467 437
Normal/1670/792/0055.png 0 37 83 468 437
Normal/1670/792/0056.png 0 36 83 468 437
Normal/1670/792/0057.png 0 35 83 469 437
Normal/1670/792/0058.png 0 35 83 470 437
Normal/1670/792/0059.png 0 34 83 470 437
Normal/1670/792/0060.png 0 34 82 471 437
Normal/1670/792/0061.png 0 33 82 471 437
Normal/1670/792/0062.png 0 33 82 472 436
Normal/1670/792/0063.png 0 32 82 472 436
Normal/1670/792/0064.png 0 32 83 472 436
Normal/1670/792/0065.png 0 31 83 473 436
Normal/1671/793/0000.png 0 0 134 512 359
Normal/1671/793/0001.png 0 0 136 512 362
Normal/1671/793/0002.png 0 0 132 512 365
Normal/1671/793/0003.png 0 0 128 512 367
Normal/1671/793/0004.png 0 0 123 512 368
Normal/1671/793/0005.png 0 0 119 512 369
Normal/1671/793/0006.png 0 0 116 512 370
Normal/1671/793/0007.png 0 0 112 512 370
Normal/1671/793/0008.png 0 0 108 512 371
Normal/1671/793/0009.png 0 0 103 512 371
Normal/1671/793/0010.png 0 0 99 512 371
Normal/1671/793/0011.png 0 0 95 512 400
Normal/1671/793/0012.png 0 0 91 512 401
Normal/1671/793/0013.png 0 0 87 512 401
Normal/1671/793/0014.png 0 0 83 512 401
Normal/1671/793/0015.png 0 0 79 512 401
Normal/1671/793/0016.png 0 0 76 512 401
Normal/1671/793/0017.png 0 0 72 512 401
Normal/1671/793/0018.png 0 0 69 512 371
Normal/1671/793/0019.png 0 0 66 512 372
Normal/1671/793/0020.png 0 0 63 512 369
Normal/1671/793/0021.png 0 0 59 512 371
Normal/1671/793/0022.png 0 0 57 512 402
Normal/1671/793/0023.png 0 0 54 512 366
Normal/1671/793/0024.png 0 0 52 512 365
Normal/1671/793/0025.png 0 0 50 512 364
Normal/1671/793/0026.png 0 0 48 512 364
Normal/1671/793/0027.png 0 0 46 512 366
Normal/1671/793/0028.png 0 0 45 512 403
Normal/1671/793/0029.png 0 0 44 512 402
Normal/1671/793/0030.png 0 0 43 507 372
Normal/1671/793/0031.png 0 0 42 504 374
Normal/1671/793/0032.png 0 0 41 501 378
Normal/1671/793/0033.png 0 0 41 499 381
Normal/1671/793/0034.png 0 0 40 495 386
Normal/1671/793/0035.png 0 0 40 492 391
Normal/1671/793/0036.png 0 0 39 488 393
Normal/1671/793/0037.png 0 0 38 484 394
Normal/1671/793/0038.png 0 7 37 481 395
Normal/1671/793/0039.png 0 10 36 478 395
Normal/1671/793/0040.png 0 13 35 475 395
Normal/1671/793/0041.png 0 15 35 473 393
Normal/1671/793/0042.png 0 17 34 471 391
Normal/1671/793/0043.png 0 19 33 469 390
Normal/1671/793/0044.png 0 19 32 468 389
Normal/1671/793/0045.png 0 20 30 467 389
Normal/1671/793/0046.png 0 21 28 466 390
Normal/1671/793/0047.png 0 22 27 465 391
Normal/1671/793/0048.png 0 23 26 464 391
Normal/1671/793/0049.png 0 23 25 464 391
Normal/1671/793/0050.png 0 24 24 464 391
Normal/1671/793/0051.png 0 25 23 464 391
Normal/1671/793/0052.png 0 26 23 464 391
Normal/1671/793/0053.png 0 27 23 463 391
Normal/1671/793/0054.png 0 28 23 463 391
Normal/1671/793/0055.png 0 28 22 462 391
Normal/1671/793/0056.png 0 28 22 462 391
Normal/1671/793/0057.png 0 27 22 462 391
Normal/1671/793/0058.png 0 27 23 462 390
Normal/1671/793/0059.png 0 28 24 462 390
Normal/1671/793/0060.png 0 28 24 462 389
Normal/1671/793/0061.png 0 28 24 461 388
Normal/1671/793/0062.png 0 28 25 460 388
Normal/1671/793/0063.png 0 28 25 459 387
Normal/1671/793/0064.png 0 28 25 459 387
Normal/1671/793/0065.png 0 28 25 458 387
Normal/1671/793/0066.png 0 28 27 457 387
Normal/1671/793/0067.png 0 27 28 456 387
Normal/1671/793/0068.png 0 28 29 456 387
Normal/1671/793/0069.png 0 29 32 454 386
Normal/1671/793/0070.png 0 29 34 453 384
Normal/1671/793/0071.png 0 29 37 453 384
Normal/1671/794/0000.png 0 0 191 512 417
Normal/1671/794/0001.png 0 0 186 512 415
Normal/1671/794/0002.png 0 0 182 512 414
Normal/1671/794/0003.png 0 0 178 512 414
Normal/1671/794/0004.png 0 0 174 512 415
Normal/1671/794/0005.png 0 0 170 512 416
Normal/1671/794/0006.png 0 0 166 512 417
Normal/1671/794/0007.png 0 0 162 512 418
Normal/1671/794/0008.png 0 0 159 512 419
Normal/1671/794/0009.png 0 0 155 512 420
Normal/1671/794/0010.png 0 0 151 512 420
Normal/1671/794/0011.png 0 0 148 512 421
Normal/1671/794/0012.png 0 0 144 512 422
Normal/1671/794/0013.png 0 0 141 512 422
Normal/1671/794/0014.png 0 0 138 512 422
Normal/1671/794/0015.png 0 0 134 512 423
Normal/1671/794/0016.png 0 0 131 512 423
Normal/1671/794/0017.png 0 0 128 512 424
Normal/1671/794/0018.png 0 0 125 512 424
Normal/1671/794/0019.png 0 0 123 507 424
Normal/1671/794/0020.png 0 0 120 505 424
Normal/1671/794/0021.png 0 0 118 504 425
Normal/1671/794/0022.png 0 0 116 502 425
Normal/1671/794/0023.png 0 0 114 500 425
Normal/1671/794/0024.png 0 0 112 498 425
Normal/1671/794/0025.png 0 0 111 495 425
Normal/1671/794/0026.png 0 5 109 493 425
Normal/1671/794/0027.png 0 7 108 490 425
Normal/1671/794/0028.png 0 10 107 487 425
Normal/1671/794/0029.png 0 13 106 484 425
Normal/1671/794/0030.png 0 15 105 481 425
Normal/1671/794/0031.png 0 16 104 478 425
Normal/1671/794/0032.png 0 19 103 475 425
Normal/1671/794/0033.png 0 21 102 472 425
Normal/1671/794/0034.png 0 23 101 470 425
Normal/1671/794/0035.png 0 25 101 467 425
Normal/1671/794/0036.png 0 27 100 464 425
Normal/1671/794/0037.png 0 28 100 462 425
Normal/1671/794/0038.png 0 29 99 460 425
Normal/1671/794/0039.png 0 31 98 458 425
Normal/1671/794/0040.png 0 32 97 456 425
Normal/1671/794/0041.png 0 32 96 454 425
Normal/1671/794/0042.png 0 33 95 453 425
Normal/1671/794/0043.png 0 33 93 452 425
Normal/1671/794/0044.png 0 34 91 451 425
Normal/1671/794/0045.png 0 34 90 451 426
Normal/1671/794/0046.png 0 35 89 451 426
Normal/1671/794/0047.png 0 35 88 451 426
Normal/1671/794/0048.png 0 36 87 451 425
Normal/1671/794/0049.png 0 36 87 451 423
Normal/1671/794/0050.png 0 36 86 450 424
Normal/1671/794/0051.png 0 36 87 450 425
Normal/1671/794/0052.png 0 36 87 449 424
Normal/1671/794/0053.png 0 35 87 449 424
Normal/1671/794/0054.png 0 35 87 449 424
Normal/1671/794/0055.png 0 35 87 449 422
Normal/1671/794/0056.png 0 35 87 449 421
Normal/1671/794/0057.png 0 35 87 448 422
Normal/1671/794/0058.png 0 35 87 448 423
Normal/1671/794/0059.png 0 35 87 448 423
Normal/1671/794/0060.png 0 34 87 447 423
Normal/1671/794/0061.png 0 34 87 447 421
Normal/1671/794/0062.png 0 34 87 446 421
Normal/1671/794/0063.png 0 34 88 445 422
Normal/1671/794/0064.png 0 34 88 444 421
Normal/1671/794/0065.png 0 34 89 444 420
Normal/1671/794/0066.png 0 33 90 443 420
Normal/1671/795/0000.png 0 0 191 512 417
Normal/1671/795/0001.png 0 0 186 512 415
Normal/1671/795/0002.png 0 0 182 512 414
Normal/1671/795/0003.png 0 0 178 512 414
Normal/1671/795/0004.png 0 0 174 512 415
Normal/1671/795/0005.png 0 0 170 512 416
Normal/1671/795/0006.png 0 0 166 512 417
Normal/1671/795/0007.png 0 0 162 512 418
Normal/1671/795/0008.png 0 0 158 512 419
Normal/1671/795/0009.png 0 0 155 512 420
Normal/1671/795/0010.png 0 0 151 512 421
Normal/1671/795/0011.png 0 0 148 512 421
Normal/1671/795/0012.png 0 0 144 512 422
Normal/1671/795/0013.png 0 0 141 512 422
Normal/1671/795/0014.png 0 0 138 512 423
Normal/1671/795/0015.png 0 0 134 512 423
Normal/1671/795/0016.png 0 0 131 512 424
Normal/1671/795/0017.png 0 0 128 512 424
Normal/1671/795/0018.png 0 0 125 512 424
Normal/1671/795/0019.png 0 0 122 507 425
Normal/1671/795/0020.png 0 0 120 505 425
Normal/1671/795/0021.png 0 0 118 504 425
Normal/1671/795/0022.png 0 0 116 502 425
Normal/1671/795/0023.png 0 0 114 500 425
Normal/1671/795/0024.png 0 0 112 498 425
Normal/1671/795/0025.png 0 0 111 495 425
Normal/1671/795/0026.png 0 4 109 493 425
Normal/1671/795/0027.png 0 7 108 490 425
Normal/1671/795/0028.png 0 10 107 487 425
Normal/1671/795/0029.png 0 13 106 484 425
Normal/1671/795/0030.png 0 15 105 481 425
Normal/1671/795/0031.png 0 16 104 478 425
Normal/1671/795/0032.png 0 19 103 475 425
Normal/1671/795/0033.png 0 21 102 472 425
Normal/1671/795/0034.png 0 23 101 470 425
Normal/1671/795/0035.png 0 25 101 467 425
Normal/1671/795/0036.png 0 27 100 464 425
Normal/1671/795/0037.png 0 28 100 462 426
Normal/1671/795/0038.png 0 29 99 460 426
Normal/1671/795/0039.png 0 31 98 458 426
Normal/1671/795/0040.png 0 31 97 456 426
Normal/1671/795/0041.png 0 32 96 454 426
Normal/1671/795/0042.png 0 33 94 453 426
Normal/1671/795/0043.png 0 33 93 452 426
Normal/1671/795/0044.png 0 34 91 451 425
Normal/1671/795/0045.png 0 34 90 451 426
Normal/1671/795/0046.png 0 35 89 451 426
Normal/1671/795/0047.png 0 35 88 451 426
Normal/1671/795/0048.png 0 36 87 451 425
Normal/1671/795/0049.png 0 36 86 451 424
Normal/1671/795/0050.png 0 36 86 450 424
Normal/1671/795/0051.png 0 36 86 450 425
Normal/1671/795/0052.png 0 36 87 449 425
Normal/1671/795/0053.png 0 35 87 449 424
Normal/1671/795/0054.png 0 35 87 449 424
Normal/1671/795/0055.png 0 35 87 449 422
Normal/1671/795/0056.png 0 35 87 449 421
Normal/1671/795/0057.png 0 35 87 449 422
Normal/1671/795/0058.png 0 35 86 448 423
Normal/1671/795/0059.png 0 35 86 448 423
Normal/1671/795/0060.png 0 34 87 447 423
Normal/1671/795/0061.png 0 34 87 447 421
Normal/1671/795/0062.png 0 34 87 446 422
Normal/1671/795/0063.png 0 34 88 445 422
Normal/1671/795/0064.png 0 34 88 444 421
Normal/1671/795/0065.png 0 34 89 444 420
Normal/1671/795/0066.png 0 33 90 443 420
